{
 "cells": [
  {
   "cell_type": "markdown",
   "metadata": {
    "id": "-zKtWHnR3FH6"
   },
   "source": [
    "# **Importing the necessary Libraries**"
   ]
  },
  {
   "cell_type": "code",
   "execution_count": 1,
   "metadata": {
    "id": "q75hcgg12x6o"
   },
   "outputs": [],
   "source": [
    "import pandas as pd\n",
    "import numpy as np\n",
    "import matplotlib.pyplot as plt\n",
    "import seaborn as sns"
   ]
  },
  {
   "cell_type": "code",
   "execution_count": 2,
   "metadata": {
    "colab": {
     "base_uri": "https://localhost:8080/",
     "height": 206
    },
    "id": "VZiZ9yKm3e1-",
    "outputId": "aec416bc-cb42-4b6a-f30b-c9a6b211ab97"
   },
   "outputs": [
    {
     "data": {
      "text/html": [
       "<div>\n",
       "<style scoped>\n",
       "    .dataframe tbody tr th:only-of-type {\n",
       "        vertical-align: middle;\n",
       "    }\n",
       "\n",
       "    .dataframe tbody tr th {\n",
       "        vertical-align: top;\n",
       "    }\n",
       "\n",
       "    .dataframe thead th {\n",
       "        text-align: right;\n",
       "    }\n",
       "</style>\n",
       "<table border=\"1\" class=\"dataframe\">\n",
       "  <thead>\n",
       "    <tr style=\"text-align: right;\">\n",
       "      <th></th>\n",
       "      <th>CRIM</th>\n",
       "      <th>ZN</th>\n",
       "      <th>INDUS</th>\n",
       "      <th>CHAS</th>\n",
       "      <th>NOX</th>\n",
       "      <th>RM</th>\n",
       "      <th>AGE</th>\n",
       "      <th>DIS</th>\n",
       "      <th>RAD</th>\n",
       "      <th>TAX</th>\n",
       "      <th>PTRATIO</th>\n",
       "      <th>B</th>\n",
       "      <th>LSTAT</th>\n",
       "      <th>MEDV</th>\n",
       "    </tr>\n",
       "  </thead>\n",
       "  <tbody>\n",
       "    <tr>\n",
       "      <th>0</th>\n",
       "      <td>0.00632</td>\n",
       "      <td>18.0</td>\n",
       "      <td>2.31</td>\n",
       "      <td>0.0</td>\n",
       "      <td>0.538</td>\n",
       "      <td>6.575</td>\n",
       "      <td>65.2</td>\n",
       "      <td>4.0900</td>\n",
       "      <td>1</td>\n",
       "      <td>296</td>\n",
       "      <td>15.3</td>\n",
       "      <td>396.90</td>\n",
       "      <td>4.98</td>\n",
       "      <td>24.0</td>\n",
       "    </tr>\n",
       "    <tr>\n",
       "      <th>1</th>\n",
       "      <td>0.02731</td>\n",
       "      <td>0.0</td>\n",
       "      <td>7.07</td>\n",
       "      <td>0.0</td>\n",
       "      <td>0.469</td>\n",
       "      <td>6.421</td>\n",
       "      <td>78.9</td>\n",
       "      <td>4.9671</td>\n",
       "      <td>2</td>\n",
       "      <td>242</td>\n",
       "      <td>17.8</td>\n",
       "      <td>396.90</td>\n",
       "      <td>9.14</td>\n",
       "      <td>21.6</td>\n",
       "    </tr>\n",
       "    <tr>\n",
       "      <th>2</th>\n",
       "      <td>0.02729</td>\n",
       "      <td>0.0</td>\n",
       "      <td>7.07</td>\n",
       "      <td>0.0</td>\n",
       "      <td>0.469</td>\n",
       "      <td>7.185</td>\n",
       "      <td>61.1</td>\n",
       "      <td>4.9671</td>\n",
       "      <td>2</td>\n",
       "      <td>242</td>\n",
       "      <td>17.8</td>\n",
       "      <td>392.83</td>\n",
       "      <td>4.03</td>\n",
       "      <td>34.7</td>\n",
       "    </tr>\n",
       "    <tr>\n",
       "      <th>3</th>\n",
       "      <td>0.03237</td>\n",
       "      <td>0.0</td>\n",
       "      <td>2.18</td>\n",
       "      <td>0.0</td>\n",
       "      <td>0.458</td>\n",
       "      <td>6.998</td>\n",
       "      <td>45.8</td>\n",
       "      <td>6.0622</td>\n",
       "      <td>3</td>\n",
       "      <td>222</td>\n",
       "      <td>18.7</td>\n",
       "      <td>394.63</td>\n",
       "      <td>2.94</td>\n",
       "      <td>33.4</td>\n",
       "    </tr>\n",
       "    <tr>\n",
       "      <th>4</th>\n",
       "      <td>0.06905</td>\n",
       "      <td>0.0</td>\n",
       "      <td>2.18</td>\n",
       "      <td>0.0</td>\n",
       "      <td>0.458</td>\n",
       "      <td>7.147</td>\n",
       "      <td>54.2</td>\n",
       "      <td>6.0622</td>\n",
       "      <td>3</td>\n",
       "      <td>222</td>\n",
       "      <td>18.7</td>\n",
       "      <td>396.90</td>\n",
       "      <td>NaN</td>\n",
       "      <td>36.2</td>\n",
       "    </tr>\n",
       "  </tbody>\n",
       "</table>\n",
       "</div>"
      ],
      "text/plain": [
       "      CRIM    ZN  INDUS  CHAS    NOX     RM   AGE     DIS  RAD  TAX  PTRATIO  \\\n",
       "0  0.00632  18.0   2.31   0.0  0.538  6.575  65.2  4.0900    1  296     15.3   \n",
       "1  0.02731   0.0   7.07   0.0  0.469  6.421  78.9  4.9671    2  242     17.8   \n",
       "2  0.02729   0.0   7.07   0.0  0.469  7.185  61.1  4.9671    2  242     17.8   \n",
       "3  0.03237   0.0   2.18   0.0  0.458  6.998  45.8  6.0622    3  222     18.7   \n",
       "4  0.06905   0.0   2.18   0.0  0.458  7.147  54.2  6.0622    3  222     18.7   \n",
       "\n",
       "        B  LSTAT  MEDV  \n",
       "0  396.90   4.98  24.0  \n",
       "1  396.90   9.14  21.6  \n",
       "2  392.83   4.03  34.7  \n",
       "3  394.63   2.94  33.4  \n",
       "4  396.90    NaN  36.2  "
      ]
     },
     "execution_count": 2,
     "metadata": {},
     "output_type": "execute_result"
    }
   ],
   "source": [
    "# Importing the Boston Dataset\n",
    "df = pd.read_csv(\"BostonHousingData.csv\")\n",
    "df.head()"
   ]
  },
  {
   "cell_type": "markdown",
   "metadata": {
    "id": "d2zQoBkk4xFK"
   },
   "source": [
    "The Boston Housing Dataset is a derived from information collected by the U.S. Census Service concerning housing in the area of Boston MA. The following describes the dataset columns:\n",
    "\n",
    "* CRIM - per capita crime rate by town\n",
    "* ZN - proportion of residential land zoned for lots over 25,000 sq.ft.\n",
    "* INDUS - proportion of non-retail business acres per town.\n",
    "* CHAS - Charles River dummy variable (1 if tract bounds river; 0 otherwise)\n",
    "* NOX - nitric oxides concentration (parts per 10 million)\n",
    "* RM - average number of rooms per dwelling\n",
    "* AGE - proportion of owner-occupied units built prior to 1940\n",
    "* DIS - weighted distances to five Boston employment centres\n",
    "* RAD - index of accessibility to radial highways\n",
    "* TAX - full-value property-tax rate per $10,000\n",
    "* PTRATIO - pupil-teacher ratio by town B- 1000(Bk - 0.63)^2 where Bk is the proportion of blacks by town\n",
    "* LSTAT - % lower status of the population\n",
    "\n",
    "* MEDV - Median value of owner-occupied homes in $1000's"
   ]
  },
  {
   "cell_type": "markdown",
   "metadata": {
    "id": "Wxbq8mJ24gra"
   },
   "source": [
    "# **Business Understanding**\n",
    "The Boston housing dataset is majorly focused on predicting housing prices in Boston. The stakeholders to the Boston dataset couldn include Investors, Customers intrested in purchasing houses, job seeekers, housing competitors, and the government.\n",
    "\n",
    "**Problem statement**\n",
    "The goal is to develop a predictive model that accurately estimates housing prices in the Boston area. The problem arises from the complexity of various factors influencing the prices, such as crime rates, property tax, accessibility to highways, average number of rooms, and environmental quality. By building a reliable model, stakeholders can make informed decisions related to real estate investments, policy-making, market competition, and personal home purchases.\n",
    "\n",
    "**Objectives**\n",
    "1. Predicting housing prices using various models\n",
    "2. Identify key factors influencing housing prices\n",
    "3. Support decision nmaking for stakeholders\n",
    "**Research Question**\n",
    "What are the key factors that influence housing prices in Boston, and how accurately can we predict the prices of homes based on these factors?\n",
    "\n",
    "\n",
    "**Access Situation**"
   ]
  },
  {
   "cell_type": "code",
   "execution_count": 3,
   "metadata": {
    "colab": {
     "base_uri": "https://localhost:8080/"
    },
    "id": "rQxUruhD4CX3",
    "outputId": "d3f201c2-08e7-462c-a3ac-18c03cbd0b9c"
   },
   "outputs": [
    {
     "name": "stdout",
     "output_type": "stream",
     "text": [
      "<class 'pandas.core.frame.DataFrame'>\n",
      "RangeIndex: 506 entries, 0 to 505\n",
      "Data columns (total 14 columns):\n",
      " #   Column   Non-Null Count  Dtype  \n",
      "---  ------   --------------  -----  \n",
      " 0   CRIM     486 non-null    float64\n",
      " 1   ZN       486 non-null    float64\n",
      " 2   INDUS    486 non-null    float64\n",
      " 3   CHAS     486 non-null    float64\n",
      " 4   NOX      506 non-null    float64\n",
      " 5   RM       506 non-null    float64\n",
      " 6   AGE      486 non-null    float64\n",
      " 7   DIS      506 non-null    float64\n",
      " 8   RAD      506 non-null    int64  \n",
      " 9   TAX      506 non-null    int64  \n",
      " 10  PTRATIO  506 non-null    float64\n",
      " 11  B        506 non-null    float64\n",
      " 12  LSTAT    486 non-null    float64\n",
      " 13  MEDV     506 non-null    float64\n",
      "dtypes: float64(12), int64(2)\n",
      "memory usage: 55.5 KB\n"
     ]
    }
   ],
   "source": [
    "df.info()"
   ]
  },
  {
   "cell_type": "code",
   "execution_count": 4,
   "metadata": {
    "colab": {
     "base_uri": "https://localhost:8080/",
     "height": 523
    },
    "id": "onsPfXCs8yMA",
    "outputId": "891505e8-2961-4f09-a38d-f51444effb61"
   },
   "outputs": [
    {
     "data": {
      "text/plain": [
       "CRIM       3.952569\n",
       "ZN         3.952569\n",
       "INDUS      3.952569\n",
       "CHAS       3.952569\n",
       "NOX        0.000000\n",
       "RM         0.000000\n",
       "AGE        3.952569\n",
       "DIS        0.000000\n",
       "RAD        0.000000\n",
       "TAX        0.000000\n",
       "PTRATIO    0.000000\n",
       "B          0.000000\n",
       "LSTAT      3.952569\n",
       "MEDV       0.000000\n",
       "dtype: float64"
      ]
     },
     "execution_count": 4,
     "metadata": {},
     "output_type": "execute_result"
    }
   ],
   "source": [
    "df.isnull().mean()*100"
   ]
  },
  {
   "cell_type": "code",
   "execution_count": 5,
   "metadata": {
    "id": "kdZojxFJ9J3I"
   },
   "outputs": [],
   "source": [
    "df.dropna(inplace = True)"
   ]
  },
  {
   "cell_type": "code",
   "execution_count": 6,
   "metadata": {
    "colab": {
     "base_uri": "https://localhost:8080/"
    },
    "id": "f9PZL7gm9bPX",
    "outputId": "0348c949-6e20-4524-821a-00e45eeb8536"
   },
   "outputs": [
    {
     "name": "stdout",
     "output_type": "stream",
     "text": [
      "<class 'pandas.core.frame.DataFrame'>\n",
      "Index: 394 entries, 0 to 504\n",
      "Data columns (total 14 columns):\n",
      " #   Column   Non-Null Count  Dtype  \n",
      "---  ------   --------------  -----  \n",
      " 0   CRIM     394 non-null    float64\n",
      " 1   ZN       394 non-null    float64\n",
      " 2   INDUS    394 non-null    float64\n",
      " 3   CHAS     394 non-null    float64\n",
      " 4   NOX      394 non-null    float64\n",
      " 5   RM       394 non-null    float64\n",
      " 6   AGE      394 non-null    float64\n",
      " 7   DIS      394 non-null    float64\n",
      " 8   RAD      394 non-null    int64  \n",
      " 9   TAX      394 non-null    int64  \n",
      " 10  PTRATIO  394 non-null    float64\n",
      " 11  B        394 non-null    float64\n",
      " 12  LSTAT    394 non-null    float64\n",
      " 13  MEDV     394 non-null    float64\n",
      "dtypes: float64(12), int64(2)\n",
      "memory usage: 46.2 KB\n"
     ]
    }
   ],
   "source": [
    "df.info()"
   ]
  },
  {
   "cell_type": "markdown",
   "metadata": {
    "id": "0ZnbkhJw92iR"
   },
   "source": [
    "**Continuous Data Plots**\n",
    "* Histogram\n",
    "* Scatter Plot\n",
    "* Box Plot"
   ]
  },
  {
   "cell_type": "code",
   "execution_count": 7,
   "metadata": {
    "colab": {
     "base_uri": "https://localhost:8080/",
     "height": 488
    },
    "id": "XJQG2xkS9foO",
    "outputId": "108386c8-1f03-48e0-b6cb-869d55d8f431"
   },
   "outputs": [
    {
     "data": {
      "text/html": [
       "<div>\n",
       "<style scoped>\n",
       "    .dataframe tbody tr th:only-of-type {\n",
       "        vertical-align: middle;\n",
       "    }\n",
       "\n",
       "    .dataframe tbody tr th {\n",
       "        vertical-align: top;\n",
       "    }\n",
       "\n",
       "    .dataframe thead th {\n",
       "        text-align: right;\n",
       "    }\n",
       "</style>\n",
       "<table border=\"1\" class=\"dataframe\">\n",
       "  <thead>\n",
       "    <tr style=\"text-align: right;\">\n",
       "      <th></th>\n",
       "      <th>CRIM</th>\n",
       "      <th>ZN</th>\n",
       "      <th>INDUS</th>\n",
       "      <th>CHAS</th>\n",
       "      <th>NOX</th>\n",
       "      <th>RM</th>\n",
       "      <th>AGE</th>\n",
       "      <th>DIS</th>\n",
       "      <th>RAD</th>\n",
       "      <th>TAX</th>\n",
       "      <th>PTRATIO</th>\n",
       "      <th>B</th>\n",
       "      <th>LSTAT</th>\n",
       "      <th>MEDV</th>\n",
       "    </tr>\n",
       "  </thead>\n",
       "  <tbody>\n",
       "    <tr>\n",
       "      <th>CRIM</th>\n",
       "      <td>1.000000</td>\n",
       "      <td>-0.188075</td>\n",
       "      <td>0.391552</td>\n",
       "      <td>-0.051970</td>\n",
       "      <td>0.416160</td>\n",
       "      <td>-0.227170</td>\n",
       "      <td>0.341311</td>\n",
       "      <td>-0.365052</td>\n",
       "      <td>0.608667</td>\n",
       "      <td>0.560841</td>\n",
       "      <td>0.265428</td>\n",
       "      <td>-0.386254</td>\n",
       "      <td>0.461906</td>\n",
       "      <td>-0.397230</td>\n",
       "    </tr>\n",
       "    <tr>\n",
       "      <th>ZN</th>\n",
       "      <td>-0.188075</td>\n",
       "      <td>1.000000</td>\n",
       "      <td>-0.521256</td>\n",
       "      <td>-0.033357</td>\n",
       "      <td>-0.515660</td>\n",
       "      <td>0.343210</td>\n",
       "      <td>-0.568174</td>\n",
       "      <td>0.645359</td>\n",
       "      <td>-0.298773</td>\n",
       "      <td>-0.305768</td>\n",
       "      <td>-0.422164</td>\n",
       "      <td>0.169894</td>\n",
       "      <td>-0.415041</td>\n",
       "      <td>0.406822</td>\n",
       "    </tr>\n",
       "    <tr>\n",
       "      <th>INDUS</th>\n",
       "      <td>0.391552</td>\n",
       "      <td>-0.521256</td>\n",
       "      <td>1.000000</td>\n",
       "      <td>0.049820</td>\n",
       "      <td>0.762737</td>\n",
       "      <td>-0.403068</td>\n",
       "      <td>0.642387</td>\n",
       "      <td>-0.696569</td>\n",
       "      <td>0.591944</td>\n",
       "      <td>0.734204</td>\n",
       "      <td>0.395691</td>\n",
       "      <td>-0.344788</td>\n",
       "      <td>0.598156</td>\n",
       "      <td>-0.510829</td>\n",
       "    </tr>\n",
       "    <tr>\n",
       "      <th>CHAS</th>\n",
       "      <td>-0.051970</td>\n",
       "      <td>-0.033357</td>\n",
       "      <td>0.049820</td>\n",
       "      <td>1.000000</td>\n",
       "      <td>0.076661</td>\n",
       "      <td>0.095308</td>\n",
       "      <td>0.072644</td>\n",
       "      <td>-0.095037</td>\n",
       "      <td>0.014102</td>\n",
       "      <td>-0.026513</td>\n",
       "      <td>-0.104995</td>\n",
       "      <td>0.068913</td>\n",
       "      <td>-0.037113</td>\n",
       "      <td>0.173701</td>\n",
       "    </tr>\n",
       "    <tr>\n",
       "      <th>NOX</th>\n",
       "      <td>0.416160</td>\n",
       "      <td>-0.515660</td>\n",
       "      <td>0.762737</td>\n",
       "      <td>0.076661</td>\n",
       "      <td>1.000000</td>\n",
       "      <td>-0.316563</td>\n",
       "      <td>0.732540</td>\n",
       "      <td>-0.768137</td>\n",
       "      <td>0.628170</td>\n",
       "      <td>0.679824</td>\n",
       "      <td>0.210216</td>\n",
       "      <td>-0.384257</td>\n",
       "      <td>0.593655</td>\n",
       "      <td>-0.459054</td>\n",
       "    </tr>\n",
       "    <tr>\n",
       "      <th>RM</th>\n",
       "      <td>-0.227170</td>\n",
       "      <td>0.343210</td>\n",
       "      <td>-0.403068</td>\n",
       "      <td>0.095308</td>\n",
       "      <td>-0.316563</td>\n",
       "      <td>1.000000</td>\n",
       "      <td>-0.248670</td>\n",
       "      <td>0.218713</td>\n",
       "      <td>-0.236057</td>\n",
       "      <td>-0.320561</td>\n",
       "      <td>-0.390686</td>\n",
       "      <td>0.123320</td>\n",
       "      <td>-0.636226</td>\n",
       "      <td>0.723951</td>\n",
       "    </tr>\n",
       "    <tr>\n",
       "      <th>AGE</th>\n",
       "      <td>0.341311</td>\n",
       "      <td>-0.568174</td>\n",
       "      <td>0.642387</td>\n",
       "      <td>0.072644</td>\n",
       "      <td>0.732540</td>\n",
       "      <td>-0.248670</td>\n",
       "      <td>1.000000</td>\n",
       "      <td>-0.753547</td>\n",
       "      <td>0.443585</td>\n",
       "      <td>0.504472</td>\n",
       "      <td>0.264968</td>\n",
       "      <td>-0.281990</td>\n",
       "      <td>0.601137</td>\n",
       "      <td>-0.407470</td>\n",
       "    </tr>\n",
       "    <tr>\n",
       "      <th>DIS</th>\n",
       "      <td>-0.365052</td>\n",
       "      <td>0.645359</td>\n",
       "      <td>-0.696569</td>\n",
       "      <td>-0.095037</td>\n",
       "      <td>-0.768137</td>\n",
       "      <td>0.218713</td>\n",
       "      <td>-0.753547</td>\n",
       "      <td>1.000000</td>\n",
       "      <td>-0.477075</td>\n",
       "      <td>-0.529603</td>\n",
       "      <td>-0.228840</td>\n",
       "      <td>0.285168</td>\n",
       "      <td>-0.505036</td>\n",
       "      <td>0.279547</td>\n",
       "    </tr>\n",
       "    <tr>\n",
       "      <th>RAD</th>\n",
       "      <td>0.608667</td>\n",
       "      <td>-0.298773</td>\n",
       "      <td>0.591944</td>\n",
       "      <td>0.014102</td>\n",
       "      <td>0.628170</td>\n",
       "      <td>-0.236057</td>\n",
       "      <td>0.443585</td>\n",
       "      <td>-0.477075</td>\n",
       "      <td>1.000000</td>\n",
       "      <td>0.900000</td>\n",
       "      <td>0.441949</td>\n",
       "      <td>-0.444135</td>\n",
       "      <td>0.510868</td>\n",
       "      <td>-0.416638</td>\n",
       "    </tr>\n",
       "    <tr>\n",
       "      <th>TAX</th>\n",
       "      <td>0.560841</td>\n",
       "      <td>-0.305768</td>\n",
       "      <td>0.734204</td>\n",
       "      <td>-0.026513</td>\n",
       "      <td>0.679824</td>\n",
       "      <td>-0.320561</td>\n",
       "      <td>0.504472</td>\n",
       "      <td>-0.529603</td>\n",
       "      <td>0.900000</td>\n",
       "      <td>1.000000</td>\n",
       "      <td>0.446961</td>\n",
       "      <td>-0.435457</td>\n",
       "      <td>0.572218</td>\n",
       "      <td>-0.508864</td>\n",
       "    </tr>\n",
       "    <tr>\n",
       "      <th>PTRATIO</th>\n",
       "      <td>0.265428</td>\n",
       "      <td>-0.422164</td>\n",
       "      <td>0.395691</td>\n",
       "      <td>-0.104995</td>\n",
       "      <td>0.210216</td>\n",
       "      <td>-0.390686</td>\n",
       "      <td>0.264968</td>\n",
       "      <td>-0.228840</td>\n",
       "      <td>0.441949</td>\n",
       "      <td>0.446961</td>\n",
       "      <td>1.000000</td>\n",
       "      <td>-0.179816</td>\n",
       "      <td>0.395006</td>\n",
       "      <td>-0.543809</td>\n",
       "    </tr>\n",
       "    <tr>\n",
       "      <th>B</th>\n",
       "      <td>-0.386254</td>\n",
       "      <td>0.169894</td>\n",
       "      <td>-0.344788</td>\n",
       "      <td>0.068913</td>\n",
       "      <td>-0.384257</td>\n",
       "      <td>0.123320</td>\n",
       "      <td>-0.281990</td>\n",
       "      <td>0.285168</td>\n",
       "      <td>-0.444135</td>\n",
       "      <td>-0.435457</td>\n",
       "      <td>-0.179816</td>\n",
       "      <td>1.000000</td>\n",
       "      <td>-0.383783</td>\n",
       "      <td>0.347256</td>\n",
       "    </tr>\n",
       "    <tr>\n",
       "      <th>LSTAT</th>\n",
       "      <td>0.461906</td>\n",
       "      <td>-0.415041</td>\n",
       "      <td>0.598156</td>\n",
       "      <td>-0.037113</td>\n",
       "      <td>0.593655</td>\n",
       "      <td>-0.636226</td>\n",
       "      <td>0.601137</td>\n",
       "      <td>-0.505036</td>\n",
       "      <td>0.510868</td>\n",
       "      <td>0.572218</td>\n",
       "      <td>0.395006</td>\n",
       "      <td>-0.383783</td>\n",
       "      <td>1.000000</td>\n",
       "      <td>-0.743450</td>\n",
       "    </tr>\n",
       "    <tr>\n",
       "      <th>MEDV</th>\n",
       "      <td>-0.397230</td>\n",
       "      <td>0.406822</td>\n",
       "      <td>-0.510829</td>\n",
       "      <td>0.173701</td>\n",
       "      <td>-0.459054</td>\n",
       "      <td>0.723951</td>\n",
       "      <td>-0.407470</td>\n",
       "      <td>0.279547</td>\n",
       "      <td>-0.416638</td>\n",
       "      <td>-0.508864</td>\n",
       "      <td>-0.543809</td>\n",
       "      <td>0.347256</td>\n",
       "      <td>-0.743450</td>\n",
       "      <td>1.000000</td>\n",
       "    </tr>\n",
       "  </tbody>\n",
       "</table>\n",
       "</div>"
      ],
      "text/plain": [
       "             CRIM        ZN     INDUS      CHAS       NOX        RM       AGE  \\\n",
       "CRIM     1.000000 -0.188075  0.391552 -0.051970  0.416160 -0.227170  0.341311   \n",
       "ZN      -0.188075  1.000000 -0.521256 -0.033357 -0.515660  0.343210 -0.568174   \n",
       "INDUS    0.391552 -0.521256  1.000000  0.049820  0.762737 -0.403068  0.642387   \n",
       "CHAS    -0.051970 -0.033357  0.049820  1.000000  0.076661  0.095308  0.072644   \n",
       "NOX      0.416160 -0.515660  0.762737  0.076661  1.000000 -0.316563  0.732540   \n",
       "RM      -0.227170  0.343210 -0.403068  0.095308 -0.316563  1.000000 -0.248670   \n",
       "AGE      0.341311 -0.568174  0.642387  0.072644  0.732540 -0.248670  1.000000   \n",
       "DIS     -0.365052  0.645359 -0.696569 -0.095037 -0.768137  0.218713 -0.753547   \n",
       "RAD      0.608667 -0.298773  0.591944  0.014102  0.628170 -0.236057  0.443585   \n",
       "TAX      0.560841 -0.305768  0.734204 -0.026513  0.679824 -0.320561  0.504472   \n",
       "PTRATIO  0.265428 -0.422164  0.395691 -0.104995  0.210216 -0.390686  0.264968   \n",
       "B       -0.386254  0.169894 -0.344788  0.068913 -0.384257  0.123320 -0.281990   \n",
       "LSTAT    0.461906 -0.415041  0.598156 -0.037113  0.593655 -0.636226  0.601137   \n",
       "MEDV    -0.397230  0.406822 -0.510829  0.173701 -0.459054  0.723951 -0.407470   \n",
       "\n",
       "              DIS       RAD       TAX   PTRATIO         B     LSTAT      MEDV  \n",
       "CRIM    -0.365052  0.608667  0.560841  0.265428 -0.386254  0.461906 -0.397230  \n",
       "ZN       0.645359 -0.298773 -0.305768 -0.422164  0.169894 -0.415041  0.406822  \n",
       "INDUS   -0.696569  0.591944  0.734204  0.395691 -0.344788  0.598156 -0.510829  \n",
       "CHAS    -0.095037  0.014102 -0.026513 -0.104995  0.068913 -0.037113  0.173701  \n",
       "NOX     -0.768137  0.628170  0.679824  0.210216 -0.384257  0.593655 -0.459054  \n",
       "RM       0.218713 -0.236057 -0.320561 -0.390686  0.123320 -0.636226  0.723951  \n",
       "AGE     -0.753547  0.443585  0.504472  0.264968 -0.281990  0.601137 -0.407470  \n",
       "DIS      1.000000 -0.477075 -0.529603 -0.228840  0.285168 -0.505036  0.279547  \n",
       "RAD     -0.477075  1.000000  0.900000  0.441949 -0.444135  0.510868 -0.416638  \n",
       "TAX     -0.529603  0.900000  1.000000  0.446961 -0.435457  0.572218 -0.508864  \n",
       "PTRATIO -0.228840  0.441949  0.446961  1.000000 -0.179816  0.395006 -0.543809  \n",
       "B        0.285168 -0.444135 -0.435457 -0.179816  1.000000 -0.383783  0.347256  \n",
       "LSTAT   -0.505036  0.510868  0.572218  0.395006 -0.383783  1.000000 -0.743450  \n",
       "MEDV     0.279547 -0.416638 -0.508864 -0.543809  0.347256 -0.743450  1.000000  "
      ]
     },
     "execution_count": 7,
     "metadata": {},
     "output_type": "execute_result"
    }
   ],
   "source": [
    "# Correlation\n",
    "df.corr()"
   ]
  },
  {
   "cell_type": "markdown",
   "metadata": {
    "id": "o5-iM0YB-iqY"
   },
   "source": [
    "**Correlation Interpretation**\n",
    "\n",
    "Correlation ranges from -1 to +1\n",
    "* -1 = Perfect negative Correlation\n",
    "* -0.6 to -0.9 = High Negative Correlation\n",
    "* -0.3 to -0.5 = Moderate negative correlation\n",
    "* -0.1 to -0.2 = Low negative correlation\n",
    "\n",
    "* 0 = No correlation\n",
    "\n",
    "* +1 = Perfect positive Correlation\n",
    "* +0.6 to +0.9 = High positive Correlation\n",
    "* +0.3 to +0.5 = Moderate positive correlation\n",
    "* +0.1 to +0.2 = Low positive correlation\n",
    "\n",
    "\n",
    "\n"
   ]
  },
  {
   "cell_type": "code",
   "execution_count": 8,
   "metadata": {
    "colab": {
     "base_uri": "https://localhost:8080/",
     "height": 699
    },
    "id": "L15AwZsJAxfu",
    "outputId": "6c003a27-ded1-4506-c43a-a351837637bf"
   },
   "outputs": [
    {
     "data": {
      "text/plain": [
       "<Axes: >"
      ]
     },
     "execution_count": 8,
     "metadata": {},
     "output_type": "execute_result"
    },
    {
     "data": {
